Entity,Code,Year,san_sm,san_bas_minus_sm,san_lim,san_unimp,san_od
Afghanistan,AFG,2000,,,5.65,46.68,25.8
Afghanistan,AFG,2001,,,5.66,46.68,25.78
Afghanistan,AFG,2002,,,6,45.74,24.98
Afghanistan,AFG,2003,,,6.34,44.81,24.19
Afghanistan,AFG,2004,,,6.69,43.87,23.38
Afghanistan,AFG,2005,,,7.05,42.92,22.56
Afghanistan,AFG,2006,,,7.41,41.97,21.74
Afghanistan,AFG,2007,,,7.69,41.02,20.92
Afghanistan,AFG,2008,,,7.96,40.06,20.11
Afghanistan,AFG,2009,,,8.23,39.09,19.29
Afghanistan,AFG,2010,,,8.5,38.12,18.48
Afghanistan,AFG,2011,,,8.76,37.15,17.67
Afghanistan,AFG,2012,,,9.01,36.17,16.86
Afghanistan,AFG,2013,,,9.26,35.19,16.05
Afghanistan,AFG,2014,,,9.5,34.2,15.25
Afghanistan,AFG,2015,,,9.73,33.2,14.44
Afghanistan,AFG,2016,,,9.95,32.2,13.64
Afghanistan,AFG,2017,,,10.18,31.17,12.87
Afghanistan,AFG,2018,,,10.39,30.05,12.17
Afghanistan,AFG,2019,,,10.6,28.92,11.48
Afghanistan,AFG,2020,,,10.94,27.77,10.78
Albania,ALB,2000,40.24,49.25,1.83,7.8,0.89
Albania,ALB,2001,40.52,49.51,1.84,7.29,0.84
Albania,ALB,2002,40.81,49.8,1.85,6.76,0.78
Albania,ALB,2003,41.09,50.08,1.86,6.24,0.73
Albania,ALB,2004,41.36,50.35,1.87,5.74,0.68
Albania,ALB,2005,41.88,50.45,1.8,5.25,0.62
Albania,ALB,2006,42.39,50.53,1.73,4.78,0.57
Albania,ALB,2007,42.89,50.61,1.66,4.32,0.52
Albania,ALB,2008,43.38,50.7,1.58,3.87,0.47
Albania,ALB,2009,43.84,50.79,1.5,3.44,0.42
Albania,ALB,2010,44.3,50.88,1.43,3.03,0.38
Albania,ALB,2011,44.73,50.96,1.35,2.63,0.33
Albania,ALB,2012,45.15,51.06,1.26,2.24,0.28
Albania,ALB,2013,45.56,51.14,1.18,1.87,0.24
Albania,ALB,2014,45.95,51.23,1.1,1.57,0.14
Albania,ALB,2015,46.33,51.32,1.01,1.22,0.11
Albania,ALB,2016,46.7,51.41,0.93,0.88,0.08
Albania,ALB,2017,47.05,51.5,0.84,0.56,0.05
Albania,ALB,2018,47.39,51.58,0.75,0.27,0
Albania,ALB,2019,47.58,51.61,0.66,0.15,0
Albania,ALB,2020,47.69,51.61,0.57,0.13,0
Algeria,DZA,2000,21.51,62.97,7.89,1.4,6.23
Algeria,DZA,2001,21.35,63.41,7.88,1.55,5.82
Algeria,DZA,2002,21.19,63.84,7.87,1.69,5.41
Algeria,DZA,2003,21.02,64.28,7.86,1.82,5.02
Algeria,DZA,2004,20.86,64.7,7.85,1.95,4.63
Algeria,DZA,2005,20.69,65.12,7.84,2.08,4.26
Algeria,DZA,2006,20.52,65.54,7.83,2.2,3.9
Algeria,DZA,2007,20.35,65.94,7.82,2.32,3.55
Algeria,DZA,2008,20.19,66.35,7.81,2.44,3.22
Algeria,DZA,2009,20.02,66.74,7.8,2.55,2.89
Algeria,DZA,2010,19.85,67.13,7.79,2.66,2.57
Algeria,DZA,2011,19.68,67.51,7.78,2.76,2.27
Algeria,DZA,2012,19.45,67.65,8.07,2.86,1.98
Algeria,DZA,2013,19.21,67.77,8.36,2.96,1.69
Algeria,DZA,2014,18.98,67.89,8.66,3.05,1.42
Algeria,DZA,2015,18.75,67.99,8.96,3.14,1.16
Algeria,DZA,2016,18.52,68.08,9.26,3.23,0.9
Algeria,DZA,2017,18.29,68.16,9.57,3.32,0.65
Algeria,DZA,2018,18.07,68.24,9.88,3.4,0.42
Algeria,DZA,2019,17.84,68.3,10.19,3.49,0.19
Algeria,DZA,2020,17.61,68.35,10.51,3.53,0
American Samoa,ASM,2000,,,34.29,0.83,
American Samoa,ASM,2001,,,34.28,0.84,
American Samoa,ASM,2002,,,34.28,0.85,
American Samoa,ASM,2003,,,34.28,0.86,
American Samoa,ASM,2004,,,34.28,0.14,0.73
American Samoa,ASM,2005,,,34.27,0.15,0.73
American Samoa,ASM,2006,,,34.27,0.15,0.73
American Samoa,ASM,2007,,,34.27,0.16,0.73
American Samoa,ASM,2008,,,34.27,0.17,0.73
American Samoa,ASM,2009,,,35.41,0.18,0.73
American Samoa,ASM,2010,,,36.56,0.19,0.72
American Samoa,ASM,2011,,,37.7,0.2,0.72
American Samoa,ASM,2012,,,38.85,0.21,0.72
American Samoa,ASM,2013,,,39.99,0.23,0.71
American Samoa,ASM,2014,,,41.14,0.24,0.71
American Samoa,ASM,2015,,,42.29,0.25,0.71
American Samoa,ASM,2016,,,43.43,0.26,0.7
American Samoa,ASM,2017,,,44.58,0.27,0.7
American Samoa,ASM,2018,,,44.58,0.27,0.7
American Samoa,ASM,2019,,,44.58,0.27,0.7
American Samoa,ASM,2020,,,44.58,0.27,0.7
Andorra,AND,2000,14.6,85.4,0,0,0
Andorra,AND,2001,21.79,78.21,0,0,0
Andorra,AND,2002,28.97,71.03,0,0,0
Andorra,AND,2003,36.16,63.84,0,0,0
Andorra,AND,2004,43.34,56.66,0,0,0
Andorra,AND,2005,50.53,49.47,0,0,0
Andorra,AND,2006,57.71,42.29,0,0,0
Andorra,AND,2007,64.9,35.1,0,0,0
Andorra,AND,2008,72.08,27.92,0,0,0
Andorra,AND,2009,79.27,20.73,0,0,0
Andorra,AND,2010,86.45,13.55,0,0,0
Andorra,AND,2011,93.63,6.37,0,0,0
Andorra,AND,2012,100,0,0,0,0
Andorra,AND,2013,100,0,0,0,0
Andorra,AND,2014,100,0,0,0,0
Andorra,AND,2015,100,0,0,0,0
Andorra,AND,2016,100,0,0,0,0
Andorra,AND,2017,100,0,0,0,0
Andorra,AND,2018,100,0,0,0,0
Andorra,AND,2019,100,0,0,0,0
Andorra,AND,2020,100,0,0,0,0
Angola,AGO,2000,,,11.29,18.28,42.87
Angola,AGO,2001,,,11.85,17.74,41.41
Angola,AGO,2002,,,12.41,17.21,39.95
Angola,AGO,2003,,,12.98,16.68,38.49
Angola,AGO,2004,,,13.55,16.15,37.01
Angola,AGO,2005,,,14.12,15.62,35.53
Angola,AGO,2006,,,14.62,15.14,34.25
Angola,AGO,2007,,,15.12,14.66,32.96
Angola,AGO,2008,,,15.62,14.19,31.67
Angola,AGO,2009,,,16.12,13.71,30.37
Angola,AGO,2010,,,16.63,13.24,29.07
Angola,AGO,2011,,,17.13,12.77,27.77
Angola,AGO,2012,,,17.64,12.3,26.46
Angola,AGO,2013,,,18.15,11.84,25.15
Angola,AGO,2014,,,18.66,11.38,23.84
Angola,AGO,2015,,,19.18,10.92,22.53
Angola,AGO,2016,,,19.69,10.46,21.23
Angola,AGO,2017,,,20.2,10,19.92
Angola,AGO,2018,,,20.71,9.49,18.68
Angola,AGO,2019,,,20.86,9.43,18.32
Angola,AGO,2020,,,21,9.37,17.97
Anguilla,AIA,2000,,,2.23,4.81,2.22
Anguilla,AIA,2001,,,2.24,4.47,2.09
Anguilla,AIA,2002,,,2.25,4.13,1.96
Anguilla,AIA,2003,,,2.27,3.79,1.83
Anguilla,AIA,2004,,,2.28,3.45,1.7
Anguilla,AIA,2005,,,2.29,3.11,1.57
Anguilla,AIA,2006,,,2.3,2.77,1.45
Anguilla,AIA,2007,,,2.31,2.43,1.32
Anguilla,AIA,2008,,,2.32,2.08,1.19
Anguilla,AIA,2009,,,2.33,1.74,1.06
Anguilla,AIA,2010,,,2.34,1.4,0.93
Anguilla,AIA,2011,,,2.36,1.06,0.8
Anguilla,AIA,2012,,,2.37,0.72,0.67
Anguilla,AIA,2013,,,2.38,0.38,0.54
Anguilla,AIA,2014,,,2.38,0.38,0.54
Anguilla,AIA,2015,,,2.38,0.38,0.54
Anguilla,AIA,2016,,,2.38,0.38,0.54
Anguilla,AIA,2017,,,2.38,0.38,0.54
Antigua and Barbuda,ATG,2000,,,3.93,12.31,1.35
Antigua and Barbuda,ATG,2001,,,3.95,11.99,1.26
Antigua and Barbuda,ATG,2002,,,3.97,11.66,1.18
Antigua and Barbuda,ATG,2003,,,3.99,11.33,1.1
Antigua and Barbuda,ATG,2004,,,4.01,11,1.01
Antigua and Barbuda,ATG,2005,,,4.03,10.68,0.93
Antigua and Barbuda,ATG,2006,,,4.04,10.35,0.85
Antigua and Barbuda,ATG,2007,,,4.06,10.02,0.76
Antigua and Barbuda,ATG,2008,,,4.08,9.69,0.68
Antigua and Barbuda,ATG,2009,,,4.1,9.37,0.6
Antigua and Barbuda,ATG,2010,,,4.12,9.04,0.51
Antigua and Barbuda,ATG,2011,,,4.14,8.71,0.43
Antigua and Barbuda,ATG,2012,,,4.16,8.38,0.35
Antigua and Barbuda,ATG,2013,,,4.17,8.06,0.26
Antigua and Barbuda,ATG,2014,,,4.17,8.06,0.26
Antigua and Barbuda,ATG,2015,,,4.17,8.06,0.26
Antigua and Barbuda,ATG,2016,,,4.17,8.06,0.26
Antigua and Barbuda,ATG,2017,,,4.17,8.06,0.26
Argentina,ARG,2000,47.84,39.38,3.96,8.82,
Argentina,ARG,2001,48.05,39.7,3.84,8.41,
Argentina,ARG,2002,48.26,40.02,3.73,7.99,
Argentina,ARG,2003,48.47,40.33,3.61,7.58,
Argentina,ARG,2004,48.69,40.65,3.49,7.17,
Argentina,ARG,2005,48.9,40.97,3.38,6.76,
Argentina,ARG,2006,49.11,41.28,3.25,4.38,1.98
Argentina,ARG,2007,49.33,41.59,3.13,4.02,1.93
Argentina,ARG,2008,49.54,41.91,3.01,3.67,1.88
Argentina,ARG,2009,49.76,42.22,2.89,3.31,1.82
Argentina,ARG,2010,49.97,42.53,2.76,2.96,1.77
Argentina,ARG,2011,50.19,42.84,2.63,2.62,1.72
Argentina,ARG,2012,50.4,43.15,2.5,2.27,1.68
Argentina,ARG,2013,50.62,43.4,2.38,1.98,1.63
Argentina,ARG,2014,50.83,43.65,2.25,1.7,1.58
Argentina,ARG,2015,51.05,43.9,2.12,2.94,
Argentina,ARG,2016,51.26,44.15,1.98,2.6,
Armenia,ARM,2000,46.26,40.7,4.63,8.33,0.08
Armenia,ARM,2001,46.35,40.97,4.37,8.22,0.08
Armenia,ARM,2002,46.43,41.28,4.12,8.09,0.08
Armenia,ARM,2003,46.51,41.6,3.86,7.96,0.08
Armenia,ARM,2004,46.58,41.92,3.6,7.83,0.07
Armenia,ARM,2005,46.66,42.24,3.35,7.69,0.06
Armenia,ARM,2006,48.1,41.2,3.09,7.56,0.06
Armenia,ARM,2007,49.52,40.17,2.83,7.43,0.05
Armenia,ARM,2008,50.97,39.12,2.57,7.3,0.05
Armenia,ARM,2009,52.43,38.06,2.31,7.16,0.04
Armenia,ARM,2010,53.91,36.98,2.05,7.03,0.04
Armenia,ARM,2011,55.41,35.87,1.79,6.9,0.03
Armenia,ARM,2012,56.93,34.76,1.52,6.77,0.02
Armenia,ARM,2013,58.46,33.62,1.26,6.63,0.02
Armenia,ARM,2014,60.02,32.48,1,6.49,0.01
Armenia,ARM,2015,61.6,31.31,0.73,6.35,0.01
Armenia,ARM,2016,63.14,30.11,0.55,6.19,0.01
Armenia,ARM,2017,64.61,28.85,0.49,6.04,0.01
Armenia,ARM,2018,66.11,27.58,0.43,5.88,0.01
Armenia,ARM,2019,67.76,26.09,0.43,5.71,0.01
Armenia,ARM,2020,69.33,24.61,0.43,5.63,0.01
Aruba,ABW,2000,,,0,0.63,1.05
Aruba,ABW,2001,,,0,0.66,1.09
Aruba,ABW,2002,,,0,0.69,1.12
Aruba,ABW,2003,,,0,0.72,1.16
Aruba,ABW,2004,,,0,0.75,1.19
Aruba,ABW,2005,,,0,0.78,1.23
Aruba,ABW,2006,,,0,0.81,1.26
Aruba,ABW,2007,,,0,0.84,1.3
Aruba,ABW,2008,,,0,0.87,1.33
Aruba,ABW,2009,,,0,0.89,1.37
Aruba,ABW,2010,,,0,0.92,1.4
Aruba,ABW,2011,,,0,0.95,1.44
Aruba,ABW,2012,,,0,0.98,1.47
Aruba,ABW,2013,,,0,0.98,1.47
Aruba,ABW,2014,,,0,0.98,1.47
Aruba,ABW,2015,,,0,0.98,1.47
Aruba,ABW,2016,,,0,0.98,1.47
Australia,AUS,2000,58.79,41.2,0,0.01,0
Australia,AUS,2001,58.79,41.2,0,0.01,0
Australia,AUS,2002,58.79,41.2,0,0.01,0
Australia,AUS,2003,58.79,41.2,0,0.01,0
Australia,AUS,2004,58.79,41.2,0,0.01,0
Australia,AUS,2005,59.76,40.24,0,0.01,0
Australia,AUS,2006,60.72,39.27,0,0.01,0
Australia,AUS,2007,61.69,38.3,0,0.01,0
Australia,AUS,2008,62.66,37.33,0,0.01,0
Australia,AUS,2009,63.62,36.37,0,0.01,0
Australia,AUS,2010,64.59,35.4,0,0.01,0
Australia,AUS,2011,65.56,34.43,0,0.01,0
Australia,AUS,2012,66.52,33.47,0,0.01,0
Australia,AUS,2013,67.49,32.5,0,0.01,0
Australia,AUS,2014,68.46,31.53,0,0.01,0
Australia,AUS,2015,69.42,30.57,0,0.01,0
Australia,AUS,2016,70.39,29.6,0,0.01,0
Australia,AUS,2017,71.36,28.63,0,0.01,0
Australia,AUS,2018,72.33,27.67,0,0.01,0
Australia,AUS,2019,73.29,26.7,0,0.01,0
Australia,AUS,2020,74.26,25.73,0,0.01,0
Australia and New Zealand,,2000,60.08,39.91,0,0.01,0
Australia and New Zealand,,2001,60.21,39.78,0,0.01,0
Australia and New Zealand,,2002,60.34,39.65,0,0.01,0
Australia and New Zealand,,2003,60.48,39.52,0,0.01,0
Australia and New Zealand,,2004,60.61,39.38,0,0.01,0
Australia and New Zealand,,2005,61.54,38.45,0,0.01,0
Australia and New Zealand,,2006,62.47,37.53,0,0.01,0
Australia and New Zealand,,2007,63.39,36.6,0,0.01,0
Australia and New Zealand,,2008,64.31,35.68,0,0.01,0
Australia and New Zealand,,2009,65.24,34.76,0,0.01,0
Australia and New Zealand,,2010,66.16,33.83,0,0.01,0
Australia and New Zealand,,2011,67.09,32.9,0,0.01,0
Australia and New Zealand,,2012,68.03,31.97,0,0.01,0
Australia and New Zealand,,2013,68.96,31.03,0,0.01,0
Australia and New Zealand,,2014,69.89,30.1,0,0.01,0
Australia and New Zealand,,2015,70.83,29.16,0,0.01,0
Australia and New Zealand,,2016,71.77,28.23,0,0.01,0
Australia and New Zealand,,2017,72.7,27.29,0,0.01,0
Australia and New Zealand,,2018,73.64,26.35,0,0.01,0
Australia and New Zealand,,2019,74.58,25.41,0,0.01,0
Australia and New Zealand,,2020,75.52,24.47,0,0.01,0
Austria,AUT,2000,99.68,0.32,0,0,0
Austria,AUT,2001,99.68,0.32,0,0,0
Austria,AUT,2002,99.68,0.32,0,0,0
Austria,AUT,2003,99.67,0.33,0,0,0
Austria,AUT,2004,99.67,0.33,0,0,0
Austria,AUT,2005,99.67,0.33,0,0.01,0
Austria,AUT,2006,99.66,0.33,0,0.01,0
Austria,AUT,2007,99.66,0.33,0,0.01,0
Austria,AUT,2008,99.65,0.34,0,0.01,0
Austria,AUT,2009,99.65,0.34,0,0.01,0
Austria,AUT,2010,99.64,0.34,0,0.01,0
Austria,AUT,2011,99.64,0.34,0,0.02,0
Austria,AUT,2012,99.64,0.34,0,0.02,0
Austria,AUT,2013,99.64,0.34,0,0.02,0
Austria,AUT,2014,99.64,0.34,0,0.02,0
Austria,AUT,2015,99.64,0.34,0,0.02,0
Austria,AUT,2016,99.64,0.34,0,0.03,0
Austria,AUT,2017,99.64,0.34,0,0.03,0
Austria,AUT,2018,99.64,0.33,0,0.03,0
Austria,AUT,2019,99.64,0.33,0,0.03,0
Austria,AUT,2020,99.64,0.33,0,0.03,0
Azerbaijan,AZE,2000,18.67,43.61,6.72,30.83,0.17
Azerbaijan,AZE,2001,19.6,44.58,6.87,28.79,0.17
Azerbaijan,AZE,2002,20.52,45.54,7.01,26.75,0.17
Azerbaijan,AZE,2003,21.45,46.5,7.16,24.72,0.17
Azerbaijan,AZE,2004,22.37,47.46,7.31,22.7,0.17
Azerbaijan,AZE,2005,23.12,49.16,6.87,20.68,0.17
Azerbaijan,AZE,2006,23.68,51.06,6.41,18.67,0.17
Azerbaijan,AZE,2007,24.19,53.04,5.93,16.67,0.17
Azerbaijan,AZE,2008,24.4,55.33,5.42,14.68,0.17
Azerbaijan,AZE,2009,24.51,57.73,4.9,12.69,0.17
Azerbaijan,AZE,2010,24.61,60.16,4.35,10.71,0.17
Azerbaijan,AZE,2011,24.7,62.61,3.78,8.74,0.18
Azerbaijan,AZE,2012,24.78,65.09,3.19,6.77,0.18
Azerbaijan,AZE,2013,24.84,67.6,2.57,4.81,0.18
Azerbaijan,AZE,2014,24.72,69.63,2.62,2.86,0.18
Azerbaijan,AZE,2015,24.52,71.6,2.66,1.13,0.09
Azerbaijan,AZE,2016,23.66,72.46,2.67,1.12,0.09
Azerbaijan,AZE,2017,22.79,73.34,2.67,1.11,0.09
Azerbaijan,AZE,2018,21.92,74.21,2.68,1.11,0.09
Azerbaijan,AZE,2019,21.04,75.09,2.69,1.1,0.09
Bahamas,BHS,2000,,,5.32,5.94,1.14
Bahamas,BHS,2001,,,5.16,5.64,1.08
Bahamas,BHS,2002,,,5,5.35,1.01
Bahamas,BHS,2003,,,4.83,5.06,0.95
Bahamas,BHS,2004,,,4.67,4.76,0.89
Bahamas,BHS,2005,,,4.5,4.47,0.83
Bahamas,BHS,2006,,,4.33,4.17,0.77
Bahamas,BHS,2007,,,4.16,3.88,0.71
Bahamas,BHS,2008,,,3.98,3.59,0.65
Bahamas,BHS,2009,,,3.81,3.29,0.59
Bahamas,BHS,2010,,,3.64,3,0.53
Bahamas,BHS,2011,,,3.46,2.7,0.47
Bahamas,BHS,2012,,,3.28,2.41,0.41
Bahamas,BHS,2013,,,3.29,2.12,0.34
Bahamas,BHS,2014,,,3.31,1.82,0.28
Bahamas,BHS,2015,,,3.32,1.53,0.22
Bahamas,BHS,2016,,,3.32,1.53,0.22
Bahamas,BHS,2017,,,3.32,1.53,0.22
Bahamas,BHS,2018,,,3.32,1.53,0.22
Bahamas,BHS,2019,,,3.32,1.53,0.22
Bahrain,BHR,2000,68.17,31.75,0,0.07,0
Bahrain,BHR,2001,69.38,30.55,0,0.07,0
Bahrain,BHR,2002,70.6,29.34,0,0.06,0
Bahrain,BHR,2003,71.81,28.13,0,0.05,0
Bahrain,BHR,2004,73.03,26.92,0,0.05,0
Bahrain,BHR,2005,74.24,25.72,0,0.04,0
Bahrain,BHR,2006,75.46,24.51,0,0.04,0
Bahrain,BHR,2007,76.67,23.3,0,0.03,0
Bahrain,BHR,2008,77.88,22.09,0,0.02,0
Bahrain,BHR,2009,79.1,20.88,0,0.02,0
Bahrain,BHR,2010,80.31,19.68,0,0.01,0
Bahrain,BHR,2011,81.53,18.47,0,0.01,0
Bahrain,BHR,2012,82.74,17.26,0,0,0
Bahrain,BHR,2013,83.95,16.05,0,0,0
Bahrain,BHR,2014,85.17,14.83,0,0,0
Bahrain,BHR,2015,86.38,13.62,0,0,0
Bahrain,BHR,2016,87.59,12.41,0,0,0
Bahrain,BHR,2017,88.81,11.19,0,0,0
Bahrain,BHR,2018,90.02,9.98,0,0,0
Bahrain,BHR,2019,91.23,8.77,0,0,0
Bahrain,BHR,2020,91.23,8.77,0,0,0
Bangladesh,BGD,2000,17.66,6.02,11.7,47.85,16.77
Bangladesh,BGD,2001,18.74,6.42,12.43,46.63,15.78
Bangladesh,BGD,2002,19.82,6.83,13.17,45.4,14.77
Bangladesh,BGD,2003,20.91,7.24,13.91,44.16,13.78
Bangladesh,BGD,2004,21.99,7.64,14.65,42.92,12.79
Bangladesh,BGD,2005,23.07,8.12,15.3,41.69,11.82
Bangladesh,BGD,2006,24.15,8.61,15.93,40.46,10.86
Bangladesh,BGD,2007,25.22,9.1,16.55,39.22,9.9
Bangladesh,BGD,2008,26.29,9.6,17.16,37.99,8.96
Bangladesh,BGD,2009,27.36,10.09,17.76,36.76,8.03
Bangladesh,BGD,2010,28.42,10.59,18.35,35.53,7.11
Bangladesh,BGD,2011,29.48,11.08,18.93,34.3,6.2
Bangladesh,BGD,2012,30.53,11.58,19.5,33.08,5.3
Bangladesh,BGD,2013,31.58,12.08,20.07,31.85,4.42
Bangladesh,BGD,2014,32.62,12.57,20.62,30.63,3.55
Bangladesh,BGD,2015,33.65,13.06,21.17,29.42,2.7
Bangladesh,BGD,2016,34.67,13.55,21.72,28.2,1.85
Bangladesh,BGD,2017,35.69,14.04,22.26,26.99,1.02
Bangladesh,BGD,2018,36.69,14.53,22.79,25.77,0.22
Bangladesh,BGD,2019,37.68,15.01,23.32,23.98,0
Bangladesh,BGD,2020,38.67,15.5,23.85,21.99,0
Barbados,BRB,2000,,,1.73,8.72,0.7
Barbados,BRB,2001,,,1.74,8.2,0.71
Barbados,BRB,2002,,,1.75,7.68,0.72
Barbados,BRB,2003,,,1.76,7.16,0.73
Barbados,BRB,2004,,,1.77,6.64,0.74
Barbados,BRB,2005,,,1.78,6.12,0.75
Barbados,BRB,2006,,,1.79,5.6,0.76
Barbados,BRB,2007,,,1.8,5.08,0.77
Barbados,BRB,2008,,,1.81,4.56,0.78
Barbados,BRB,2009,,,1.82,4.05,0.78
Barbados,BRB,2010,,,1.83,3.53,0.79
Barbados,BRB,2011,,,1.83,3.01,0.8
Barbados,BRB,2012,,,1.84,2.49,0.81
Barbados,BRB,2013,,,1.85,1.97,0.82
Barbados,BRB,2014,,,1.86,1.45,0.83
Barbados,BRB,2015,,,1.87,0.94,0.83
Barbados,BRB,2016,,,1.88,0.43,0.83
Barbados,BRB,2017,,,1.89,0,0.83
Barbados,BRB,2018,,,1.89,0,0.82
Barbados,BRB,2019,,,1.91,0,
Barbados,BRB,2020,,,1.91,0,
Belarus,BLR,2000,84.15,7.45,7.61,0.8,0
Belarus,BLR,2001,84.22,7.34,7.64,0.79,0
Belarus,BLR,2002,84.29,7.24,7.68,0.78,0
Belarus,BLR,2003,84.36,7.14,7.71,0.78,0
Belarus,BLR,2004,83.74,8.31,7.19,0.76,0
Belarus,BLR,2005,83.06,9.53,6.67,0.74,0
Belarus,BLR,2006,82.39,10.75,6.13,0.72,0
Belarus,BLR,2007,81.72,11.98,5.59,0.71,0
Belarus,BLR,2008,81.06,13.21,5.05,0.69,0
Belarus,BLR,2009,80.39,14.45,4.5,0.67,0
Belarus,BLR,2010,79.73,15.68,3.94,0.65,0
Belarus,BLR,2011,79.08,16.92,3.37,0.63,0
Belarus,BLR,2012,78.43,18.16,2.8,0.61,0
Belarus,BLR,2013,77.78,19.41,2.23,0.59,0
Belarus,BLR,2014,77.12,20.67,1.64,0.57,0
Belarus,BLR,2015,75.97,21.83,1.64,0.55,0
Belarus,BLR,2016,74.83,23,1.64,0.53,0
Belarus,BLR,2017,74.59,23.26,1.64,0.51,0
Belarus,BLR,2018,74.35,23.51,1.64,0.49,0
Belarus,BLR,2019,74.12,23.76,1.64,0.48,0
Belarus,BLR,2020,73.9,24.01,1.64,0.46,0
Belgium,BEL,2000,73.84,25.64,0.51,0,0
Belgium,BEL,2001,73.84,25.64,0.51,0,0
Belgium,BEL,2002,73.84,25.64,0.51,0,0
Belgium,BEL,2003,73.85,25.64,0.51,0,0
Belgium,BEL,2004,74.73,24.76,0.51,0,0
Belgium,BEL,2005,75.61,23.88,0.51,0,0
Belgium,BEL,2006,76.49,23,0.51,0,0
Belgium,BEL,2007,77.37,22.12,0.51,0,0
Belgium,BEL,2008,78.25,21.24,0.51,0,0
Belgium,BEL,2009,79.13,20.35,0.51,0,0
Belgium,BEL,2010,80.01,19.47,0.51,0,0
Belgium,BEL,2011,80.89,18.59,0.51,0,0
Belgium,BEL,2012,81.77,17.71,0.51,0,0
Belgium,BEL,2013,82.65,16.83,0.51,0,0
Belgium,BEL,2014,83.54,15.95,0.51,0,0
Belgium,BEL,2015,84.42,15.07,0.51,0,0
Belgium,BEL,2016,85.3,14.19,0.51,0,0
Belgium,BEL,2017,86.18,13.31,0.51,0,0
Belgium,BEL,2018,87.06,12.43,0.51,0,0
Belgium,BEL,2019,87.94,11.55,0.51,0,0
Belgium,BEL,2020,88.82,10.67,0.51,0,0
Belize,BLZ,2000,,,8.33,4.76,4.47
Belize,BLZ,2001,,,8.37,4.62,4.25
Belize,BLZ,2002,,,8.4,4.48,4.04
Belize,BLZ,2003,,,8.43,4.33,3.82
Belize,BLZ,2004,,,8.47,4.19,3.6
Belize,BLZ,2005,,,8.51,4.05,3.39
Belize,BLZ,2006,,,8.55,3.9,3.17
Belize,BLZ,2007,,,8.6,3.76,2.96
Belize,BLZ,2008,,,8.64,3.62,2.74
Belize,BLZ,2009,,,8.69,3.48,2.52
Belize,BLZ,2010,,,8.73,3.34,2.31
Belize,BLZ,2011,,,8.78,3.19,2.09
Belize,BLZ,2012,,,8.82,3.05,1.87
Belize,BLZ,2013,,,8.86,2.91,1.65
Belize,BLZ,2014,,,8.91,2.76,1.44
Belize,BLZ,2015,,,8.95,2.62,1.22
Belize,BLZ,2016,,,8.99,2.47,1
Belize,BLZ,2017,,,9.03,2.33,0.78
Belize,BLZ,2018,,,9.07,2.18,0.57
Belize,BLZ,2019,,,9.06,2.17,0.57
Belize,BLZ,2020,,,9.05,2.17,0.57
Benin,BEN,2000,,,15.71,7.59,67.5
Benin,BEN,2001,,,15.94,7.82,66.74
Benin,BEN,2002,,,16.17,8.06,65.95
Benin,BEN,2003,,,16.43,8.3,65.11
Benin,BEN,2004,,,16.67,8.53,64.28
Benin,BEN,2005,,,16.91,8.76,63.45
Benin,BEN,2006,,,17.14,8.99,62.63
Benin,BEN,2007,,,17.37,9.22,61.8
Benin,BEN,2008,,,17.59,9.44,60.99
Benin,BEN,2009,,,17.8,9.66,60.18
Benin,BEN,2010,,,18,9.87,59.38
Benin,BEN,2011,,,18.19,10.08,58.58
Benin,BEN,2012,,,18.38,10.29,57.78
Benin,BEN,2013,,,18.56,10.49,56.99
Benin,BEN,2014,,,18.74,10.69,56.21
Benin,BEN,2015,,,18.91,10.89,55.42
Benin,BEN,2016,,,19.07,11.08,54.65
Benin,BEN,2017,,,19.23,11.26,53.87
Benin,BEN,2018,,,19.38,11.45,53.1
Benin,BEN,2019,,,19.52,11.63,52.34
Benin,BEN,2020,,,19.66,11.8,51.58
Bermuda,BMU,2000,,,0,0.01,0
Bermuda,BMU,2001,,,0,0.01,0
Bermuda,BMU,2002,,,0,0.02,0
Bermuda,BMU,2003,,,0,0.03,0
Bermuda,BMU,2004,,,0,0.04,0
Bermuda,BMU,2005,,,0,0.04,0
Bermuda,BMU,2006,,,0,0.05,0
Bermuda,BMU,2007,,,0,0.06,0
Bermuda,BMU,2008,,,0,0.07,0
Bermuda,BMU,2009,,,0,0.07,0
Bermuda,BMU,2010,,,0,0.08,0
Bermuda,BMU,2011,,,0,0.09,0
Bermuda,BMU,2012,,,0,0.1,0
Bermuda,BMU,2013,,,0,0.1,0
Bermuda,BMU,2014,,,0,0.1,0
Bermuda,BMU,2015,,,0,0.1,0
Bermuda,BMU,2016,,,0,0.1,0
Bermuda,BMU,2017,,,0,0.1,0
Bermuda,BMU,2018,,,0,0.1,0
Bermuda,BMU,2019,,,0,0.1,0
Bermuda,BMU,2020,,,0,0.1,0
Bhutan,BTN,2000,62.13,-15.13,6.08,37.04,9.88
Bhutan,BTN,2001,62.37,-15.02,6.21,36.63,9.8
Bhutan,BTN,2002,62.87,-13.63,6.47,35.11,9.19
Bhutan,BTN,2003,63.33,-12.25,6.73,33.61,8.58
Bhutan,BTN,2004,63.76,-10.86,6.98,32.14,7.98
Bhutan,BTN,2005,64.15,-9.48,7.24,30.71,7.39
Bhutan,BTN,2006,64.44,-8.14,7.44,29.43,6.83
Bhutan,BTN,2007,64.71,-6.8,7.65,28.17,6.27
Bhutan,BTN,2008,64.96,-5.47,7.85,26.94,5.72
Bhutan,BTN,2009,64.78,-3.72,8.04,25.72,5.18
Bhutan,BTN,2010,64.56,-1.95,8.22,24.53,4.64
Bhutan,BTN,2011,64.3,-0.17,8.4,23.37,4.11
Bhutan,BTN,2012,64,1.61,8.58,22.23,3.58
Bhutan,BTN,2013,63.66,3.41,8.75,21.12,3.06
Bhutan,BTN,2014,63.29,5.21,8.92,20.03,2.55
Bhutan,BTN,2015,62.87,7.03,9.09,18.97,2.04
Bhutan,BTN,2016,62.91,8.37,9.25,17.93,1.54
Bhutan,BTN,2017,63.48,9.15,9.4,16.92,1.05
Bhutan,BTN,2018,64.05,9.89,9.56,15.94,0.56
Bhutan,BTN,2019,64.63,10.61,9.71,14.92,0.14
Bhutan,BTN,2020,65.22,11.29,9.85,13.64,0
Bolivia,BOL,2000,27.99,6.87,16.59,15.36,33.19
Bolivia,BOL,2001,28.91,7.08,17.1,14.99,31.91
Bolivia,BOL,2002,29.82,7.3,17.6,14.61,30.66
Bolivia,BOL,2003,30.73,7.51,18.1,14.23,29.42
Bolivia,BOL,2004,31.63,7.72,18.6,13.85,28.19
Bolivia,BOL,2005,32.53,7.94,19.1,13.45,26.97
Bolivia,BOL,2006,33.43,8.15,19.6,13.06,25.76
Bolivia,BOL,2007,34.72,8.46,19.61,12.66,24.55
Bolivia,BOL,2008,36.03,8.77,19.59,12.25,23.36
Bolivia,BOL,2009,37.35,9.09,19.55,11.84,22.17
Bolivia,BOL,2010,38.7,9.41,19.48,11.42,20.98
Bolivia,BOL,2011,40.06,9.74,19.39,11,19.81
Bolivia,BOL,2012,41.44,10.07,19.27,10.58,18.64
Bolivia,BOL,2013,42.82,10.4,19.12,10.16,17.51
Bolivia,BOL,2014,44.21,10.74,18.93,9.74,16.39
Bolivia,BOL,2015,45.62,11.07,18.72,9.31,15.28
Bolivia,BOL,2016,47.04,11.42,18.49,8.88,14.17
Bolivia,BOL,2017,48.49,11.76,18.23,8.45,13.07
Bolivia,BOL,2018,49.95,12.12,17.95,8.01,11.97
Bolivia,BOL,2019,51.43,12.47,17.65,7.57,10.88
Bolivia,BOL,2020,52.92,12.83,17.32,7.13,9.79
Bosnia and Herzegovina,BIH,2000,16.95,78.13,0.64,3.62,0.66
Bosnia and Herzegovina,BIH,2001,17.6,77.49,0.64,3.68,0.6
Bosnia and Herzegovina,BIH,2002,18.25,76.85,0.63,3.74,0.53
Bosnia and Herzegovina,BIH,2003,18.89,76.21,0.63,3.79,0.47
Bosnia and Herzegovina,BIH,2004,19.53,75.59,0.63,3.84,0.4
Bosnia and Herzegovina,BIH,2005,20.16,74.98,0.63,3.9,0.34
Bosnia and Herzegovina,BIH,2006,20.78,74.37,0.62,3.95,0.28
Bosnia and Herzegovina,BIH,2007,21.39,73.78,0.62,4,0.21
Bosnia and Herzegovina,BIH,2008,22,73.19,0.61,4.05,0.15
Bosnia and Herzegovina,BIH,2009,22.59,72.61,0.61,4.1,0.09
Bosnia and Herzegovina,BIH,2010,24.8,70.42,0.61,4.15,0.03
Bosnia and Herzegovina,BIH,2011,27.08,68.16,0.6,4.16,0
Bosnia and Herzegovina,BIH,2012,29.37,65.89,0.6,4.15,0
Bosnia and Herzegovina,BIH,2013,31.6,63.68,0.6,4.13,0
Bosnia and Herzegovina,BIH,2014,33.67,61.62,0.6,4.11,0
Bosnia and Herzegovina,BIH,2015,35.32,59.99,0.6,4.09,0
Bosnia and Herzegovina,BIH,2016,36.98,58.36,0.6,4.07,0
Bosnia and Herzegovina,BIH,2017,38.64,56.72,0.6,4.04,0
Bosnia and Herzegovina,BIH,2018,40.32,55.07,0.6,4.02,0
Botswana,BWA,2000,,,8.08,18.29,21.71
Botswana,BWA,2001,,,8,17.62,21.05
Botswana,BWA,2002,,,7.92,16.93,20.52
Botswana,BWA,2003,,,7.82,16.23,20.02
Botswana,BWA,2004,,,7.72,15.53,19.51
Botswana,BWA,2005,,,7.61,14.83,19.01
Botswana,BWA,2006,,,7.49,14.12,18.52
Botswana,BWA,2007,,,7.31,13.45,17.65
Botswana,BWA,2008,,,7.11,12.76,16.79
Botswana,BWA,2009,,,6.9,12.06,15.96
Botswana,BWA,2010,,,6.68,11.35,15.14
Botswana,BWA,2011,,,6.44,10.63,14.34
Botswana,BWA,2012,,,6.22,9.89,13.74
Botswana,BWA,2013,,,5.99,9.15,13.18
Botswana,BWA,2014,,,5.75,8.4,12.63
Botswana,BWA,2015,,,5.5,7.65,12.09
Botswana,BWA,2016,,,5.53,6.9,11.56
Botswana,BWA,2017,,,5.56,6.13,11.03
Botswana,BWA,2018,,,5.59,5.37,10.52
Botswana,BWA,2019,,,5.62,4.6,10.03
Botswana,BWA,2020,,,5.57,4.59,9.81
Brazil,BRA,2000,35.74,37.39,1.15,16.81,8.91
Brazil,BRA,2001,36.17,37.87,1.11,16.48,8.37
Brazil,BRA,2002,36.59,38.34,1.07,16.16,7.85
Brazil,BRA,2003,37,38.81,1.02,15.83,7.33
Brazil,BRA,2004,37.42,39.28,0.98,15.5,6.83
Brazil,BRA,2005,37.83,39.74,0.93,15.16,6.34
Brazil,BRA,2006,38.24,40.19,0.88,14.82,5.86
Brazil,BRA,2007,38.65,40.65,0.83,14.48,5.39
Brazil,BRA,2008,39.05,41.1,0.78,14.13,4.93
Brazil,BRA,2009,39.46,41.55,0.73,13.79,4.48
Brazil,BRA,2010,39.86,41.99,0.68,13.43,4.04
Brazil,BRA,2011,40.26,42.44,0.62,13.08,3.6
Brazil,BRA,2012,41.15,42.39,0.56,12.72,3.18
Brazil,BRA,2013,42.06,42.32,0.51,12.35,2.76
Brazil,BRA,2014,42.99,42.22,0.45,11.99,2.35
Brazil,BRA,2015,43.93,42.11,0.39,11.62,1.95
Brazil,BRA,2016,44.88,41.98,0.33,11.25,1.56
Brazil,BRA,2017,45.86,41.82,0.27,10.87,1.18
Brazil,BRA,2018,46.84,41.65,0.2,10.5,0.81
Brazil,BRA,2019,47.85,41.45,0.14,10.04,0.52
Brazil,BRA,2020,48.71,41.37,0.1,9.52,0.3
British Virgin Islands,VGB,2000,,,0,2.22,0.99
British Virgin Islands,VGB,2001,,,0,2.31,0.9
British Virgin Islands,VGB,2002,,,0,2.39,0.81
British Virgin Islands,VGB,2003,,,0,2.48,0.72
British Virgin Islands,VGB,2004,,,0,2.57,0.62
British Virgin Islands,VGB,2005,,,0,2.65,0.53
British Virgin Islands,VGB,2006,,,0,2.74,0.44
British Virgin Islands,VGB,2007,,,0,2.82,0.35
British Virgin Islands,VGB,2008,,,0,2.91,0.26
British Virgin Islands,VGB,2009,,,0,2.99,0.17
British Virgin Islands,VGB,2010,,,0,3.08,0.07
British Virgin Islands,VGB,2011,,,0,3.15,0
British Virgin Islands,VGB,2012,,,0,3.14,0
British Virgin Islands,VGB,2013,,,0,3.14,0
British Virgin Islands,VGB,2014,,,0,3.14,0
British Virgin Islands,VGB,2015,,,0,3.14,0
British Virgin Islands,VGB,2016,,,0,3.14,0
Brunei,BRN,2007,,,0,1.05,2.6
Brunei,BRN,2008,,,0,1.05,2.6
Brunei,BRN,2009,,,0,1.05,2.6
Brunei,BRN,2010,,,0,1.05,2.6
Brunei,BRN,2011,,,0,1.05,2.6
Brunei,BRN,2012,,,0,1.05,2.6
Brunei,BRN,2013,,,0,1.05,2.6
Brunei,BRN,2014,,,0,1.05,2.6
Brunei,BRN,2015,,,0,1.05,2.6
Bulgaria,BGR,2000,50.99,34.84,14.17,0,0
Bulgaria,BGR,2001,50.84,35,14.16,0,0
Bulgaria,BGR,2002,50.7,35.14,14.15,0,0
Bulgaria,BGR,2003,50.57,35.29,14.14,0,0
Bulgaria,BGR,2004,50.43,35.44,14.13,0,0
Bulgaria,BGR,2005,50.3,35.58,14.12,0,0
Bulgaria,BGR,2006,50.17,35.72,14.11,0,0
Bulgaria,BGR,2007,50.04,35.86,14.1,0,0
Bulgaria,BGR,2008,49.91,36,14.09,0,0
Bulgaria,BGR,2009,51.42,34.5,14.08,0,0
Bulgaria,BGR,2010,53.14,32.79,14.07,0,0
Bulgaria,BGR,2011,54.94,31,14.06,0,0
Bulgaria,BGR,2012,56.76,29.19,14.05,0,0
Bulgaria,BGR,2013,58.61,27.35,14.04,0,0
Bulgaria,BGR,2014,60.58,25.39,14.03,0,0
Bulgaria,BGR,2015,62.62,23.36,14.02,0,0
Bulgaria,BGR,2016,64.69,21.3,14.01,0,0
Bulgaria,BGR,2017,66.79,19.21,14,0,0
Bulgaria,BGR,2018,68.6,17.41,13.99,0,0
Bulgaria,BGR,2019,70.41,15.61,13.97,0,0
Bulgaria,BGR,2020,72.23,13.81,13.96,0,0
Burkina Faso,BFA,2000,,,8.14,8.72,72.57
Burkina Faso,BFA,2001,,,8.34,8.73,72.04
Burkina Faso,BFA,2002,,,9.51,8.63,70.11
Burkina Faso,BFA,2003,,,10.71,8.53,68.2
Burkina Faso,BFA,2004,,,11.92,8.42,66.28
Burkina Faso,BFA,2005,,,13.15,8.3,64.38
Burkina Faso,BFA,2006,,,14.39,8.18,62.49
Burkina Faso,BFA,2007,,,15.61,8.06,60.71
Burkina Faso,BFA,2008,,,16.81,7.93,59.04
Burkina Faso,BFA,2009,,,18.02,7.8,57.38
Burkina Faso,BFA,2010,,,19.25,7.67,55.73
Burkina Faso,BFA,2011,,,20.49,7.53,54.09
Burkina Faso,BFA,2012,,,21.75,7.39,52.46
Burkina Faso,BFA,2013,,,23.02,7.25,50.84
Burkina Faso,BFA,2014,,,24.3,7.1,49.24
Burkina Faso,BFA,2015,,,25.6,6.95,47.65
Burkina Faso,BFA,2016,,,26.91,6.79,46.07
Burkina Faso,BFA,2017,,,28.24,6.63,44.51
Burkina Faso,BFA,2018,,,29.58,6.46,42.97
Burkina Faso,BFA,2019,,,30.93,6.29,41.44
Burkina Faso,BFA,2020,,,32.29,6.12,39.92
Burundi,BDI,2000,,,6.17,45.86,2.76
Burundi,BDI,2001,,,6.27,45.55,2.76
Burundi,BDI,2002,,,6.37,45.25,2.75
Burundi,BDI,2003,,,6.47,44.94,2.75
Burundi,BDI,2004,,,6.77,44.62,2.74
Burundi,BDI,2005,,,7.08,44.3,2.74
Burundi,BDI,2006,,,7.4,43.97,2.73
Burundi,BDI,2007,,,7.72,43.64,2.72
Burundi,BDI,2008,,,8.06,43.3,2.71
Burundi,BDI,2009,,,8.4,42.96,2.71
Burundi,BDI,2010,,,8.76,42.61,2.7
Burundi,BDI,2011,,,9.13,42.26,2.69
Burundi,BDI,2012,,,9.5,41.89,2.68
Burundi,BDI,2013,,,9.89,41.53,2.67
Burundi,BDI,2014,,,10.29,41.15,2.66
Burundi,BDI,2015,,,10.71,40.77,2.65
Burundi,BDI,2016,,,11.13,40.38,2.63
Burundi,BDI,2017,,,11.57,39.98,2.62
Burundi,BDI,2018,,,12.03,39.58,2.61
Burundi,BDI,2019,,,12.5,39.16,2.59
Burundi,BDI,2020,,,12.63,39.06,2.58
Cambodia,KHM,2000,,,1.4,1.96,86.8
Cambodia,KHM,2001,,,1.9,2.41,83.41
Cambodia,KHM,2002,,,2.44,2.52,80.02
Cambodia,KHM,2003,,,2.96,2.64,76.63
Cambodia,KHM,2004,,,3.46,2.75,73.25
Cambodia,KHM,2005,,,3.93,2.87,69.87
Cambodia,KHM,2006,,,4.37,2.98,66.5
Cambodia,KHM,2007,,,4.79,3.09,63.13
Cambodia,KHM,2008,,,5.19,3.21,59.75
Cambodia,KHM,2009,,,5.57,3.32,56.28
Cambodia,KHM,2010,,,5.92,3.43,52.81
Cambodia,KHM,2011,,,6.24,3.53,49.36
Cambodia,KHM,2012,,,6.54,3.64,45.92
Cambodia,KHM,2013,,,6.82,3.74,42.49
Cambodia,KHM,2014,,,7.06,3.84,39.07
Cambodia,KHM,2015,,,7.28,3.95,35.67
Cambodia,KHM,2016,,,7.48,4.04,32.27
Cambodia,KHM,2017,,,7.65,4.14,28.88
Cambodia,KHM,2018,,,7.79,4.24,25.51
Cambodia,KHM,2019,,,7.91,4.32,22.16
Cambodia,KHM,2020,,,8,3.95,19.28
Cameroon,CMR,2000,,,19.74,34.72,8.01
Cameroon,CMR,2001,,,19.79,34.77,7.88
Cameroon,CMR,2002,,,19.84,34.81,7.75
Cameroon,CMR,2003,,,19.56,34.85,7.62
Cameroon,CMR,2004,,,19.28,34.89,7.49
Cameroon,CMR,2005,,,19.01,34.92,7.36
Cameroon,CMR,2006,,,18.73,34.94,7.23
Cameroon,CMR,2007,,,18.46,34.96,7.11
Cameroon,CMR,2008,,,18.2,34.98,6.98
Cameroon,CMR,2009,,,17.93,34.99,6.85
Cameroon,CMR,2010,,,17.66,34.99,6.73
Cameroon,CMR,2011,,,17.4,34.99,6.61
Cameroon,CMR,2012,,,17.13,34.98,6.48
Cameroon,CMR,2013,,,16.87,34.97,6.36
Cameroon,CMR,2014,,,16.61,34.95,6.24
Cameroon,CMR,2015,,,16.35,34.93,6.12
Cameroon,CMR,2016,,,16.09,34.91,6.01
Cameroon,CMR,2017,,,15.83,34.88,5.89
Cameroon,CMR,2018,,,15.57,34.85,5.77
Cameroon,CMR,2019,,,15.31,34.81,5.66
Cameroon,CMR,2020,,,15.06,34.77,5.55
Canada,CAN,2000,77.57,22.28,0,0.14,0
Canada,CAN,2001,77.58,22.28,0,0.14,0
Canada,CAN,2002,77.58,22.28,0,0.14,0
Canada,CAN,2003,78.03,21.83,0,0.14,0
Canada,CAN,2004,78.48,21.38,0,0.14,0
Canada,CAN,2005,78.89,20.92,0,0.19,0
Canada,CAN,2006,79.28,20.47,0,0.25,0
Canada,CAN,2007,79.68,20.02,0,0.3,0
Canada,CAN,2008,80.07,19.57,0,0.36,0
Canada,CAN,2009,80.46,19.12,0,0.41,0
Canada,CAN,2010,80.85,18.68,0,0.47,0
Canada,CAN,2011,81.25,18.23,0,0.52,0
Canada,CAN,2012,81.64,17.79,0,0.58,0
Canada,CAN,2013,82.03,17.34,0,0.63,0
Canada,CAN,2014,82.42,16.9,0,0.69,0
Canada,CAN,2015,82.8,16.45,0,0.74,0
Canada,CAN,2016,83.19,16.01,0,0.8,0
Canada,CAN,2017,83.58,15.57,0,0.86,0
Canada,CAN,2018,83.97,15.11,0,0.91,0
Canada,CAN,2019,84.37,14.66,0,0.97,0
Canada,CAN,2020,84.37,14.66,0,0.97,0
Cape Verde,CPV,2000,,,3.55,5.38,51.48
Cape Verde,CPV,2001,,,3.74,5.05,49.44
Cape Verde,CPV,2002,,,3.92,4.72,47.43
Cape Verde,CPV,2003,,,4.1,4.39,45.43
Cape Verde,CPV,2004,,,4.28,4.06,43.44
Cape Verde,CPV,2005,,,4.46,3.74,41.48
Cape Verde,CPV,2006,,,4.64,3.41,39.53
Cape Verde,CPV,2007,,,4.82,3.09,37.6
Cape Verde,CPV,2008,,,5,2.77,35.68
Cape Verde,CPV,2009,,,5.18,2.45,33.79
Cape Verde,CPV,2010,,,5.36,2.13,31.91
Cape Verde,CPV,2011,,,5.52,1.81,30.14
Cape Verde,CPV,2012,,,5.64,1.49,28.37
Cape Verde,CPV,2013,,,5.76,1.18,26.61
Cape Verde,CPV,2014,,,5.87,0.86,24.87
Cape Verde,CPV,2015,,,5.98,0.55,23.13
Cape Verde,CPV,2016,,,6.09,0.23,21.4
Cape Verde,CPV,2017,,,6.19,0,19.67
Cape Verde,CPV,2018,,,6.28,0,17.91
Cape Verde,CPV,2019,,,6.36,0,16.17
Cape Verde,CPV,2020,,,6.44,0,14.45
Cayman Islands,CYM,2001,,,11.9,4.45,0
Cayman Islands,CYM,2002,,,11.9,4.45,0
Cayman Islands,CYM,2003,,,11.9,4.45,0
Cayman Islands,CYM,2004,,,11.9,4.45,0
Cayman Islands,CYM,2005,,,11.9,4.45,0
Cayman Islands,CYM,2006,,,11.9,4.45,0
Cayman Islands,CYM,2007,,,11.9,4.45,0
Cayman Islands,CYM,2008,,,11.9,4.45,0
Cayman Islands,CYM,2009,,,11.9,4.45,0
Cayman Islands,CYM,2010,,,11.9,4.45,0
Cayman Islands,CYM,2011,,,11.9,4.45,0
Cayman Islands,CYM,2012,,,11.9,4.45,0
Cayman Islands,CYM,2013,,,11.9,4.45,0
Cayman Islands,CYM,2014,,,11.9,4.45,0
Cayman Islands,CYM,2015,,,11.9,4.45,0
Cayman Islands,CYM,2016,,,11.9,4.45,0
Central African Republic,CAF,2000,19.68,0.92,9.56,47.18,22.67
Central African Republic,CAF,2001,19.63,0.92,9.54,47.08,22.84
Central African Republic,CAF,2002,19.59,0.91,9.51,46.97,23.01
Central African Republic,CAF,2003,19.54,0.91,9.49,46.87,23.18
Central African Republic,CAF,2004,19.49,0.91,9.47,46.77,23.35
Central African Republic,CAF,2005,19.09,0.88,9.84,46.67,23.52
Central African Republic,CAF,2006,18.69,0.85,10.22,46.56,23.68
Central African Republic,CAF,2007,18.3,0.82,10.59,46.45,23.83
Central African Republic,CAF,2008,17.91,0.8,10.97,46.34,23.97
Central African Republic,CAF,2009,17.53,0.77,11.36,46.23,24.11
Central African Republic,CAF,2010,17.16,0.74,11.74,46.11,24.24
Central African Republic,CAF,2011,16.78,0.72,12.13,46,24.37
Central African Republic,CAF,2012,16.42,0.69,12.52,45.88,24.48
Central African Republic,CAF,2013,16.05,0.67,12.91,45.77,24.59
Central African Republic,CAF,2014,15.7,0.65,13.31,45.65,24.7
Central African Republic,CAF,2015,15.34,0.62,13.71,45.53,24.79
Central African Republic,CAF,2016,14.99,0.6,14.12,45.41,24.88
Central African Republic,CAF,2017,14.64,0.58,14.53,45.3,24.96
Central African Republic,CAF,2018,14.29,0.56,14.94,45.18,25.03
Central African Republic,CAF,2019,13.95,0.54,15.36,45.07,25.09
Central African Republic,CAF,2020,13.6,0.51,15.78,44.95,25.15
Central and Southern Asia,,2000,12.92,10.67,5.8,12.23,58.38
Central and Southern Asia,,2001,13.79,11.99,6.36,11.9,55.96
Central and Southern Asia,,2002,14.84,13.23,6.85,11.56,53.51
Central and Southern Asia,,2003,16.53,13.85,7.33,11.22,51.07
Central and Southern Asia,,2004,18.64,14.06,7.78,10.87,48.64
Central and Southern Asia,,2005,20.34,14.7,8.21,10.52,46.22
Central and Southern Asia,,2006,22.04,15.37,8.61,10.16,43.82
Central and Southern Asia,,2007,23.79,15.99,9,9.8,41.43
Central and Southern Asia,,2008,25.54,16.62,9.36,9.43,39.05
Central and Southern Asia,,2009,27.3,17.26,9.7,9.07,36.68
Central and Southern Asia,,2010,29.06,17.91,10.02,8.7,34.31
Central and Southern Asia,,2011,30.83,18.55,10.32,8.35,31.95
Central and Southern Asia,,2012,32.61,19.2,10.61,7.99,29.6
Central and Southern Asia,,2013,34.39,19.85,10.87,7.64,27.25
Central and Southern Asia,,2014,36.17,20.51,11.12,7.29,24.92
Central and Southern Asia,,2015,37.95,21.17,11.35,6.93,22.6
Central and Southern Asia,,2016,39.73,21.83,11.56,6.58,20.3
Central and Southern Asia,,2017,41.51,22.49,11.76,5.95,18.29
Central and Southern Asia,,2018,43.21,23.23,11.94,5.63,15.99
Central and Southern Asia,,2019,44.89,23.98,12.1,5.27,13.75
Central and Southern Asia,,2020,46.57,24.72,12.25,4.9,11.56
Chad,TCD,2000,8.6,1.26,4.41,14.48,71.24
Chad,TCD,2001,8.63,1.28,4.49,14.69,70.92
Chad,TCD,2002,8.65,1.29,4.56,14.9,70.6
Chad,TCD,2003,8.67,1.31,4.64,15.11,70.28
Chad,TCD,2004,8.69,1.32,4.71,15.32,69.96
Chad,TCD,2005,8.71,1.34,4.79,15.52,69.63
Chad,TCD,2006,8.74,1.36,4.87,15.73,69.31
Chad,TCD,2007,8.76,1.37,4.94,15.93,68.99
Chad,TCD,2008,8.78,1.39,5.02,16.14,68.67
Chad,TCD,2009,8.83,1.42,5.05,16.34,68.35
Chad,TCD,2010,8.9,1.46,5.09,16.54,68.02
Chad,TCD,2011,8.97,1.49,5.12,16.75,67.67
Chad,TCD,2012,9.05,1.53,5.14,16.96,67.32
Chad,TCD,2013,9.14,1.57,5.16,17.18,66.95
Chad,TCD,2014,9.24,1.61,5.18,17.39,66.57
Chad,TCD,2015,9.36,1.66,5.2,17.6,66.19
Chad,TCD,2016,9.48,1.7,5.22,17.81,65.79
Chad,TCD,2017,9.63,1.75,5.23,18.02,65.37
Chad,TCD,2018,9.78,1.81,5.23,18.23,64.95
Chad,TCD,2019,9.95,1.87,5.24,18.43,64.52
Chad,TCD,2020,10.14,1.93,5.23,18.63,64.07
Channel Islands,OWID_CIS,2009,81.5,17,0,1.5,0
Channel Islands,OWID_CIS,2010,81.5,17,0,1.5,0
Channel Islands,OWID_CIS,2011,81.5,17,0,1.5,0
Channel Islands,OWID_CIS,2012,81.5,17,0,1.5,0
Channel Islands,OWID_CIS,2013,81.5,17,0,1.5,0
Channel Islands,OWID_CIS,2014,81.5,17,0,1.5,0
Channel Islands,OWID_CIS,2015,81.5,17,0,1.5,0
Channel Islands,OWID_CIS,2016,81.5,17,0,1.5,0
Channel Islands,OWID_CIS,2017,81.5,17,0,1.5,0
Chile,CHL,2000,50.93,41.31,0,5.46,2.3
Chile,CHL,2001,51.19,41.61,0,5.03,2.17
Chile,CHL,2002,51.43,41.89,0,4.63,2.05
Chile,CHL,2003,51.65,42.15,0,4.27,1.93
Chile,CHL,2004,53.22,41.06,0,3.91,1.8
Chile,CHL,2005,54.8,39.96,0,3.56,1.68
Chile,CHL,2006,56.38,38.85,0,3.21,1.56
Chile,CHL,2007,57.98,37.72,0,2.86,1.44
Chile,CHL,2008,59.6,36.57,0,2.52,1.31
Chile,CHL,2009,61.22,35.42,0,2.17,1.19
Chile,CHL,2010,62.86,34.25,0,1.83,1.07
Chile,CHL,2011,64.5,33.06,0,1.49,0.95
Chile,CHL,2012,66.16,31.86,0,1.15,0.82
Chile,CHL,2013,67.84,30.65,0,0.81,0.7
Chile,CHL,2014,69.52,29.43,0,0.48,0.58
Chile,CHL,2015,71.18,28.18,0,0.45,0.18
Chile,CHL,2016,72.76,26.91,0,0.17,0.17
Chile,CHL,2017,74.37,25.63,0,0,0
Chile,CHL,2018,75.71,24.29,0,0,0
Chile,CHL,2019,77.15,22.85,0,0,0
Chile,CHL,2020,78.6,21.4,0,0,0
China,CHN,2000,13.13,43.86,3.61,36.94,2.46
China,CHN,2001,13.49,44.23,3.58,36.28,2.41
China,CHN,2002,14.37,45.48,3.61,34.29,2.25
China,CHN,2003,16.47,45.47,3.63,32.34,2.09
China,CHN,2004,18.74,45.28,3.64,30.41,1.94
China,CHN,2005,21.16,44.9,3.64,28.52,1.78
China,CHN,2006,23.72,44.33,3.63,26.68,1.64
China,CHN,2007,26.41,43.59,3.61,24.87,1.51
China,CHN,2008,29.25,42.68,3.58,23.1,1.39
China,CHN,2009,32.22,41.6,3.55,21.36,1.27
China,CHN,2010,35.33,40.36,3.5,19.66,1.15
China,CHN,2011,38.54,38.97,3.45,18,1.05
China,CHN,2012,41.86,37.43,3.38,16.39,0.95
China,CHN,2013,45.29,35.74,3.31,14.81,0.85
China,CHN,2014,48.83,33.91,3.22,13.27,0.76
China,CHN,2015,52.49,31.95,3.13,11.76,0.67
China,CHN,2016,56.24,29.85,3.03,10.29,0.59
China,CHN,2017,60.09,27.62,2.92,8.85,0.52
China,CHN,2018,64.02,25.27,2.81,7.45,0.45
China,CHN,2019,68.04,22.82,2.68,6.09,0.38
China,CHN,2020,69.66,22.72,2.55,4.76,0.32
Colombia,COL,2000,15.16,59.64,13.47,3.12,8.61
Colombia,COL,2001,15.33,60.43,13.03,2.97,8.24
Colombia,COL,2002,15.5,61.23,12.58,2.81,7.88
Colombia,COL,2003,15.66,62.02,12.12,2.66,7.53
Colombia,COL,2004,15.83,62.81,11.66,2.51,7.19
Colombia,COL,2005,15.99,63.6,11.19,2.37,6.85
Colombia,COL,2006,16.15,64.39,10.71,2.22,6.52
Colombia,COL,2007,16.31,65.18,10.22,2.08,6.2
Colombia,COL,2008,16.47,65.97,9.73,1.94,5.88
Colombia,COL,2009,16.63,66.76,9.23,1.81,5.57
Colombia,COL,2010,16.79,67.55,8.72,1.67,5.27
Colombia,COL,2011,16.95,68.33,8.21,1.54,4.97
Colombia,COL,2012,17.1,69.12,7.69,1.41,4.68
Colombia,COL,2013,17.26,69.9,7.16,1.28,4.4
Colombia,COL,2014,17.41,70.68,6.63,1.15,4.12
Colombia,COL,2015,17.56,71.47,6.09,1.03,3.85
Colombia,COL,2016,17.72,72.25,5.55,0.9,3.59
Colombia,COL,2017,17.87,73.03,4.99,0.78,3.33
Colombia,COL,2018,18.02,73.81,4.44,0.66,3.08
Colombia,COL,2019,18.17,74.59,3.88,0.54,2.83
Colombia,COL,2020,18.31,75.37,3.31,0.43,2.59
Comoros,COM,2000,,,0.63,69.5,0.66
Comoros,COM,2001,,,0.66,68.24,0.66
Comoros,COM,2002,,,1.31,66.99,0.65
Comoros,COM,2003,,,2,65.73,0.65
Comoros,COM,2004,,,2.74,64.47,0.64
Comoros,COM,2005,,,3.53,63.21,0.64
Comoros,COM,2006,,,4.37,61.95,0.63
Comoros,COM,2007,,,5.25,60.68,0.63
Comoros,COM,2008,,,6.18,59.41,0.62
Comoros,COM,2009,,,7.17,58.14,0.62
Comoros,COM,2010,,,8.2,56.86,0.61
Comoros,COM,2011,,,9.28,55.59,0.61
Comoros,COM,2012,,,10.4,54.3,0.6
Comoros,COM,2013,,,11.58,53.02,0.6
Comoros,COM,2014,,,12.81,51.73,0.59
Comoros,COM,2015,,,13.16,50.44,0.59
Comoros,COM,2016,,,13.16,50.41,0.59
Comoros,COM,2017,,,13.17,50.38,0.59
Comoros,COM,2018,,,13.18,50.34,0.59
Comoros,COM,2019,,,13.19,50.9,
Congo,COG,2000,,,23.83,56.01,8.24
Congo,COG,2001,,,23.95,55.9,8.18
Congo,COG,2002,,,24.66,54.8,8.25
Congo,COG,2003,,,25.37,53.69,8.31
Congo,COG,2004,,,25.97,52.57,8.37
Congo,COG,2005,,,26.57,51.45,8.43
Congo,COG,2006,,,27.17,50.31,8.48
Congo,COG,2007,,,27.77,49.18,8.53
Congo,COG,2008,,,28.36,48.03,8.58
Congo,COG,2009,,,28.96,46.88,8.61
Congo,COG,2010,,,29.56,45.71,8.65
Congo,COG,2011,,,30.15,44.54,8.68
Congo,COG,2012,,,30.75,43.37,8.7
Congo,COG,2013,,,31.35,42.18,8.72
Congo,COG,2014,,,31.94,40.99,8.73
Congo,COG,2015,,,32.53,39.79,8.74
Congo,COG,2016,,,33.13,38.58,8.75
Congo,COG,2017,,,33.72,37.37,8.75
Congo,COG,2018,,,33.89,37.2,8.65
Congo,COG,2019,,,34.06,37.03,8.55
Congo,COG,2020,,,34.23,36.86,8.45
Cook Islands,COK,2000,,,0,7.04,0.64
Cook Islands,COK,2001,,,0,6.6,0.7
Cook Islands,COK,2002,,,0,6.16,0.76
Cook Islands,COK,2003,,,0,5.73,0.82
Cook Islands,COK,2004,,,0,5.29,0.88
Cook Islands,COK,2005,,,0,4.86,0.94
Cook Islands,COK,2006,,,0,4.42,1
Cook Islands,COK,2007,,,0,3.99,1.06
Cook Islands,COK,2008,,,0,3.55,1.12
Cook Islands,COK,2009,,,0,3.17,1.12
Cook Islands,COK,2010,,,0,2.8,1.12
Cook Islands,COK,2011,,,0,2.42,1.12
Cook Islands,COK,2012,,,0,2.05,1.12
Cook Islands,COK,2013,,,0,2.79,
Cook Islands,COK,2014,,,0,2.42,
Cook Islands,COK,2015,,,0,2.04,
Cook Islands,COK,2016,,,0,1.67,
Cook Islands,COK,2017,,,0,1.29,
Cook Islands,COK,2018,,,0,0.91,
Cook Islands,COK,2019,,,0,0.91,
Cook Islands,COK,2020,,,0,0.91,
Costa Rica,CRI,2000,38.85,54.86,1.64,3.86,0.79
Costa Rica,CRI,2001,38.63,55.33,1.63,3.67,0.75
Costa Rica,CRI,2002,38.39,55.8,1.61,3.49,0.71
Costa Rica,CRI,2003,38.16,56.26,1.6,3.31,0.67
Costa Rica,CRI,2004,37.91,56.73,1.58,3.14,0.63
Costa Rica,CRI,2005,37.65,57.2,1.57,2.98,0.59
Costa Rica,CRI,2006,37.39,57.67,1.56,2.82,0.56
Costa Rica,CRI,2007,37.13,58.14,1.54,2.67,0.52
Costa Rica,CRI,2008,36.44,59.03,1.53,2.52,0.49
Costa Rica,CRI,2009,35.78,59.94,1.45,2.38,0.45
Costa Rica,CRI,2010,35.12,60.84,1.37,2.24,0.42
Costa Rica,CRI,2011,34.47,61.73,1.3,2.12,0.39
Costa Rica,CRI,2012,33.83,62.59,1.22,1.99,0.36
Costa Rica,CRI,2013,33.23,63.41,1.16,1.88,0.33
